data.frame(get_regression_table(full_model_interact,digits=10))
                                               term      estimate    std_error     statistic      p_value      lower_ci      upper_ci
1                                         intercept 10.1620129928 0.4135094253  24.575045626 0.0000000000  9.3513681163 10.9726578693
2                                host_response_rate -0.0007442740 0.0001859797  -4.001909790 0.0000636727 -0.0011088691 -0.0003796790
3                                 host_is_superhost  0.0716940654 0.0203748722   3.518749201 0.0004371503  0.0317511166  0.1116370141
4                               host_listings_count -0.0000119450 0.0000317977  -0.375656099 0.7071873016 -0.0000742812  0.0000503912
5                              host_has_profile_pic -0.1484762531 0.1274249620  -1.165205395 0.2439872161 -0.3982804565  0.1013279503
6                            host_identity_verified  0.0105564711 0.0147359303   0.716376293 0.4737899395 -0.0183318822  0.0394448244
7                                         bathrooms -0.0094577045 0.0121707569  -0.777084332 0.4371429812 -0.0333172859  0.0144018768
8                                          bedrooms  0.0591829048 0.0123799358   4.780550234 0.0000017944  0.0349132488  0.0834525607
9                                              beds -0.0290803341 0.0107911108  -2.694841568 0.0070639621 -0.0502352538 -0.0079254143
10                                     cleaning_fee  0.0005663432 0.0001595270   3.550139701 0.0003882986  0.0002536061  0.0008790804
11                                     extra_people  0.0001117406 0.0002739283   0.407919095 0.6833492096 -0.0004252691  0.0006487502
12                                  availability_30  0.0016671086 0.0005161881   3.229653669 0.0012468074  0.0006551723  0.0026790449
13                                 availability_365  0.0003011520 0.0000527962   5.704044359 0.0000000123  0.0001976501  0.0004046538
14                                number_of_reviews -0.0003603511 0.0002061590  -1.747928185 0.0805331692 -0.0007645057  0.0000438035
15                            number_of_reviews_ltm  0.0010658719 0.0005592435   1.905917482 0.0567138391 -0.0000304703  0.0021622142
16                             review_scores_rating  0.0000724506 0.0002184190   0.331704670 0.7401251181 -0.0003557385  0.0005006397
17                                 instant_bookable  0.0091066369 0.0113015267   0.805788210 0.4204003795 -0.0130489032  0.0312621771
18                    require_guest_profile_picture -0.0831128356 0.0622933229  -1.334217405 0.1821887533 -0.2052328162  0.0390071451
19                 require_guest_phone_verification  0.1038143949 0.0469398347   2.211648074 0.0270326197  0.0117934296  0.1958353602
20     calculated_host_listings_count_private_rooms -0.0007528040 0.0018757741  -0.401329788 0.6881931804 -0.0044300762  0.0029244681
21                                reviews_per_month -0.0278163432 0.0059531880  -4.672512098 0.0000030475 -0.0394869874 -0.0161456989
22                          host_verification_email  0.0208623018 0.0252273446   0.826971772 0.4082895202 -0.0285934454  0.0703180491
23                host_verification_identity_manual  0.0036402695 0.0157094790   0.231724397 0.8167608420 -0.0271566310  0.0344371701
24                          host_verification_phone -0.2208440993 0.1042092955  -2.119236084 0.0341159339 -0.4251362541 -0.0165519446
25                        host_verification_reviews -0.0751277012 0.0160319928  -4.686111215 0.0000028527 -0.1065568587 -0.0436985438
26                          host_verification_jumio -0.0320893692 0.0210753465  -1.522602210 0.1279166810 -0.0734055295  0.0092267910
27                  host_verification_government_id  0.0038052526 0.0211109347   0.180250316 0.8569628076 -0.0375806748  0.0451911801
28                     host_verification_work_email -0.0257973352 0.0128889717  -2.001504525 0.0453878792 -0.0510649064 -0.0005297639
29                       host_verification_facebook -0.0022660951 0.0136416817  -0.166115520 0.8680722459 -0.0290092809  0.0244770908
30                         host_verification_google  0.0536577943 0.0201674742   2.660610538 0.0078229254  0.0141214292  0.0931941594
31                            host_verification_kba  0.0089492685 0.0158469656   0.564730732 0.5722803328 -0.0221171611  0.0400156980
32                          host_verification_weibo -0.2507811791 0.1277676159  -1.962791411 0.0497215640 -0.5012571221 -0.0003052362
33                           listing_lifetime_proxy  0.0000065916 0.0000183238   0.359730019 0.7190630765 -0.0000293304  0.0000425137
34                         calendar_updated_numeric  0.0000185184 0.0000270348   0.684983320 0.4933837812 -0.0000344807  0.0000715176
35                                    host_is_local  0.0195355186 0.0147235926   1.326817379 0.1846250780 -0.0093286480  0.0483996851
36                                          cc_name  0.0007021943 0.0005146410   1.364435226 0.1724873583 -0.0003067091  0.0017110976
37                                       cc_summary -0.0001359037 0.0000407251  -3.337099104 0.0008522879 -0.0002157413 -0.0000560661
38                                         cc_space -0.0000071214 0.0000204624  -0.348021944 0.7278372387 -0.0000472360  0.0000329932
39                                   cc_description  0.0000624498 0.0000277421   2.251086731 0.0244200067  0.0000080642  0.0001168354
40                         cc_neighborhood_overview -0.0000415592 0.0000233331  -1.781130352 0.0749472281 -0.0000873015  0.0000041830
41                                       cc_transit -0.0000237840 0.0000264849  -0.898018513 0.3692156280 -0.0000757051  0.0000281372
42                                        cc_access  0.0000037140 0.0000314161   0.118219581 0.9058980627 -0.0000578742  0.0000653022
43                                         cc_notes -0.0000427841 0.0000234729  -1.822699633 0.0684040455 -0.0000888005  0.0000032323
44                                   cc_interaction -0.0000535302 0.0000448669  -1.193088293 0.2328870969 -0.0001414874  0.0000344270
45                                   cc_house_rules -0.0000304612 0.0000234423  -1.299412228 0.1938578461 -0.0000764175  0.0000154951
46                                   cc_avg_reviews  0.0001327274 0.0000495398   2.679205463 0.0074020329  0.0000356094  0.0002298453
47                                           Topic1  0.5329288539 0.0709711661   7.509089724 0.0000000000  0.3937968084  0.6720608994
48                                           Topic2  0.1716630010 0.0670350048   2.560796429 0.0104701391  0.0402474155  0.3030785865
49                                           Topic3 -0.8582561869 0.0855864135 -10.027948967 0.0000000000 -1.0260399988 -0.6904723751
50                                           Topic4  0.4814603440 0.0987995961   4.873100328 0.0000011299  0.2877733772  0.6751473109
51                                           Topic5  0.1506053643 0.1033406537   1.457368024 0.1450728377 -0.0519839029  0.3531946314
52                                           Topic6  0.0865371501 0.1046591712   0.826847271 0.4083600858 -0.1186369420  0.2917112422
53                                           Topic7  0.6233115134 0.0956708086   6.515169281 0.0000000001  0.4357582290  0.8108647978
54                                           Topic8  0.3843661102 0.0978912901   3.926458728 0.0000872770  0.1924597887  0.5762724318
55                                           Topic9  0.3022691001 0.0882568635   3.424879246 0.0006196425  0.1292501317  0.4752880686
56                                          Topic10  0.3274396370 0.0891394795   3.673340241 0.0002417129  0.1526903861  0.5021888880
57                                          Topic11  0.0285996690 0.0944981135   0.302648042 0.7621697294 -0.1566546610  0.2138539990
58                                          Topic12  0.0734899043 0.1000044456   0.734866375 0.4624527191 -0.1225590524  0.2695388610
59                                          Topic13 -0.2367061652 0.0975510794  -2.426484327 0.0152783593 -0.4279455370 -0.0454667934
60                                          Topic14  0.2906572136 0.0922462299   3.150884475 0.0016366466  0.1098174817  0.4714969456
61                                          Topic15 -0.2069902452 0.0989010557  -2.092902282 0.0364043272 -0.4008761138 -0.0131043766
62                                          Topic16 -0.6824283748 0.0935153637  -7.297500086 0.0000000000 -0.8657561199 -0.4991006298
63                                          Topic17 -0.2791535109 0.0869830300  -3.209287042 0.0013384120 -0.4496752531 -0.1086317688
64                                          Topic18 -0.3958410858 0.1005265520  -3.937676940 0.0000833079 -0.5929135814 -0.1987685903
65                                          Topic19 -0.1214165905 0.0878437963  -1.382187423 0.1669712010 -0.2936257810  0.0507926001
66                                          Topic20 -0.3039308648 0.0924321227  -3.288151952 0.0010149132 -0.4851350215 -0.1227267081
67                                          Topic21  0.5701534094 0.0902491816   6.317546587 0.0000000003  0.3932286956  0.7470781231
68                                          Topic22 -0.2578926260 0.1007822007  -2.558910446 0.0105270405 -0.4554662958 -0.0603189563
69                                          Topic23 -0.6488372652 0.0898077821  -7.224733202 0.0000000000 -0.8248966583 -0.4727778721
70                                          Topic24 -0.2383011892 0.0988618671  -2.410445970 0.0159661640 -0.4321102323 -0.0444921460
71                                          Topic25  0.3021698628 0.0964594241   3.132611101 0.0017418379  0.1130705747  0.4912691510
72                                          Topic26  0.0312678321 0.0964683563   0.324125271 0.7458557207 -0.1578489666  0.2203846309
73                                          Topic27 -0.1728666681 0.0914630708  -1.890016009 0.0588092071 -0.3521710932  0.0064377570
74                                          Topic28 -0.0420445643 0.0912423120  -0.460801172 0.6449597765 -0.2209162132  0.1368270846
75                                          Topic29  0.0207016888 0.0924806921   0.223848766 0.8228834319 -0.1605976835  0.2020010612
76                                          Topic30  0.1360707854 0.0941765224   1.444848270 0.1485584029 -0.0485530965  0.3206946674
77                                          Topic31  0.5398443217 0.0987908354   5.464518239 0.0000000485  0.3461745294  0.7335141141
78                                          Topic32 -0.2440836548 0.0939561597  -2.597846225 0.0094064668 -0.4282755373 -0.0598917723
79                                          Topic33  0.3108107358 0.1005498752   3.091110110 0.0020042328  0.1136925175  0.5079289542
80                                          Topic34 -0.2169111778 0.0992896941  -2.184629328 0.0289587915 -0.4115589340 -0.0222634215
81                                          Topic35  0.1699768983 0.0961666328   1.767524695 0.0771967383 -0.0185484010  0.3585021976
82                                          Topic36 -0.2802162867 0.0993693686  -2.819946334 0.0048206382 -0.4750202371 -0.0854123364
83                                          Topic37 -0.0855365984 0.1046058302  -0.817703930 0.4135622635 -0.2906061208  0.1195329239
84                                          Topic38  0.0165175440 0.1018717553   0.162140566 0.8712012150 -0.1831920912  0.2162271792
85                                          Topic39 -0.0934548045 0.1025711332  -0.911121887 0.3622717344 -0.2945355019  0.1076258930
86                                          Topic40 -0.2066236324 0.1040799330  -1.985239867 0.0471681855 -0.4106621845 -0.0025850802
87                                          Topic41  0.4540481761 0.1054116216   4.307382517 0.0000168122  0.2473989784  0.6606973738
88                                          Topic42  0.0150768792 0.1052511669   0.143246670 0.8861007051 -0.1912577627  0.2214115212
89                                          Topic43  0.0780828198 0.1038564179   0.751834324 0.4521833919 -0.1255175529  0.2816831924
90                                          Topic44  0.2041074820 0.1024258556   1.992733971 0.0463407228  0.0033115872  0.4049033769
91                                          Topic45  0.1039900949 0.1071184478   0.970795386 0.3316935647 -0.1060051690  0.3139853588
92                                          Topic46 -0.1023033341 0.1030732528  -0.992530373 0.3209832435 -0.3043683880  0.0997617198
93                                          Topic47  0.5005886278 0.1046659335   4.782727400 0.0000017752  0.2954012789  0.7057759767
94                                          Topic48 -0.1159230288 0.1053742598  -1.100107645 0.2713341534 -0.3224989824  0.0906529248
95                                          Topic49 -0.2567667473 0.1097262905  -2.340065867 0.0193164888 -0.4718744324 -0.0416590622
96                                          Topic50 -0.4022965032 0.1077472914  -3.733704095 0.0001906223 -0.6135245536 -0.1910684527
97                                          Topic51 -0.1707721747 0.1094125172  -1.560810217 0.1186270056 -0.3852647377  0.0437203883
98                                          Topic52 -0.6504381523 0.1101782313  -5.903508749 0.0000000038 -0.8664318232 -0.4344444815
99                                          Topic53 -0.2890967098 0.1097073547  -2.635162525 0.0084336751 -0.5041672730 -0.0740261466
100                                         Topic54 -0.4567840615 0.1083745346  -4.214865266 0.0000253997 -0.6692417609 -0.2443263621
101                                         Topic55 -0.0365029824 0.1094825634  -0.333413662 0.7388349676 -0.2511328642  0.1781268993
102                                         Topic56 -0.5605543184 0.1108345314  -5.057578277 0.0000004386 -0.7778346017 -0.3432740352
103                                         Topic57  0.2873519274 0.1159100975   2.479093138 0.0132019245  0.0601214922  0.5145823626
104                                         Topic58  0.6449811625 0.1122204260   5.747448886 0.0000000096  0.4249839681  0.8649783568
105                                         Topic59 -0.4382672429 0.1116697675  -3.924672296 0.0000879253 -0.6571849250 -0.2193495608
106                                         Topic60 -0.2350831944 0.1142049671  -2.058432312 0.0395964187 -0.4589708878 -0.0111955010
107                                         Topic61  0.0091119180 0.1166673101   0.078101723 0.9377500235 -0.2196029586  0.2378267946
108                                         Topic62 -0.1673004395 0.1141707602  -1.465352769 0.1428827875 -0.3911210737  0.0565201946
109                                         Topic63 -0.0786706781 0.1196999352  -0.657232420 0.5110594312 -0.3133307203  0.1559893641
110                                         Topic64 -0.0085879796 0.1161146980  -0.073961176 0.9410440111 -0.2362195141  0.2190435548
111                                         Topic65  0.1005131089 0.1189352308   0.845107949 0.3980879294 -0.1326478049  0.3336740226
112                                         Topic66 -0.2200243420 0.1173460486  -1.875004269 0.0608459445 -0.4500698192  0.0100211351
113                                         Topic67 -0.0795318466 0.1169966919  -0.679778592 0.4966737378 -0.3088924441  0.1498287510
114                                         Topic68 -0.0024732462 0.1168489137  -0.021166189 0.9831138657 -0.2315441390  0.2265976466
115                                         Topic69 -0.0570601262 0.1160631726  -0.491629903 0.6230009382 -0.2845906502  0.1704703977
116                                         Topic70  0.2838595682 0.1180497378   2.404576016 0.0162246218  0.0524345770  0.5152845595
117                                         Topic71 -0.1202566841 0.1177106582  -1.021629527 0.3070019412 -0.3510169428  0.1105035746
118                                         Topic72 -0.1233126147 0.1200667899  -1.027033494 0.3044505923 -0.3586918397  0.1120666103
119                                         Topic73 -0.2322429568 0.1219953304  -1.903703658 0.0570017816 -0.4714028973  0.0069169838
120                                         Topic74  0.3275366896 0.1199289847   2.731088655 0.0063330049  0.0924276182  0.5626457610
121                                         Topic75  0.1994740621 0.1222912147   1.631139755 0.1029190191 -0.0402659308  0.4392140549
122                                         Topic76  0.0211846208 0.1195328217   0.177228484 0.8593355552 -0.2131478118  0.2555170533
123                                         Topic77 -0.2119006706 0.1227742393  -1.725937556 0.0844157233 -0.4525875861  0.0287862448
124                                         Topic78 -0.3592125622 0.1239197168  -2.898752285 0.0037615665 -0.6021450744 -0.1162800500
125                                         Topic79 -0.0702868415 0.1239850784  -0.566897584 0.5708072755 -0.3133474888  0.1727738059
126                                         Topic80  0.3721885111 0.1211132127   3.073062822 0.0021292794  0.1347578763  0.6096191458
127                                         Topic81 -0.6188351953 0.1260088769  -4.911044447 0.0000009326 -0.8658633022 -0.3718070885
128                                         Topic82 -0.4951742382 0.1240726237  -3.991003201 0.0000666643 -0.7384065094 -0.2519419670
129                                         Topic83  0.4954580781 0.1259970938   3.932297668 0.0000851893  0.2484530710  0.7424630852
130                                         Topic84  0.0831262308 0.1252862921   0.663490231 0.5070448948 -0.1624853189  0.3287377806
131                                         Topic85 -0.0038453785 0.1276567028  -0.030122809 0.9759702206 -0.2541038872  0.2464131302
132                                         Topic86  0.1656775520 0.1250493898   1.324896925 0.1852612769 -0.0794695740  0.4108246780
133                                         Topic87 -0.1252973673 0.1268918232  -0.987434526 0.3234738083 -0.3740564042  0.1234616695
134                                         Topic88 -0.1972758357 0.1277491763  -1.544243505 0.1225878206 -0.4477156296  0.0531639581
135                                         Topic89  0.0237815937 0.1294745858   0.183677697 0.8542731876 -0.2300406972  0.2776038846
136                                         Topic90  0.1945535813 0.1301988046   1.494280857 0.1351605260 -0.0606884699  0.4497956325
137                                         Topic91  0.3420292640 0.1301938361   2.627077242 0.0086364621  0.0867969530  0.5972615750
138                                         Topic92 -0.3579907881 0.1335522681  -2.680529452 0.0073728542 -0.6198069772 -0.0961745990
139                                         Topic93  0.3245315564 0.1318277531   2.461784781 0.0138557184  0.0660961106  0.5829670021
140                                         Topic94  0.1591935693 0.1294965721   1.229326512 0.2190028542 -0.0946718235  0.4130589621
141                                         Topic95  0.2019042964 0.1298363003   1.555068158 0.1199883095 -0.0526271005  0.4564356933
142                                         Topic96  0.0388001847 0.1308916103   0.296429883 0.7669131813 -0.2178000443  0.2954004138
 [ reached getOption("max.print") -- omitted 68 rows ]
> data.frame(get_regression_table(pvalue_reduced_model_interact,digits=10))
                                               term      estimate    std_error  statistic      p_value      lower_ci      upper_ci
1                                         intercept 10.0674232479 0.3527210605  28.542167 0.0000000000  9.3759508347 10.7588956610
2                                host_response_rate -0.0008454675 0.0001476606  -5.725748 0.0000000108 -0.0011349406 -0.0005559944
3                                 host_is_superhost  0.0639846489 0.0155812585   4.106514 0.0000407489  0.0334392361  0.0945300617
4                                          bedrooms  0.0501993162 0.0108412743   4.630389 0.0000037336  0.0289461421  0.0714524902
5                                              beds -0.0314352875 0.0104510794  -3.007851 0.0026429029 -0.0519235256 -0.0109470494
6                                      cleaning_fee  0.0005319904 0.0001381043   3.852092 0.0001184419  0.0002612515  0.0008027293
7                                   availability_30  0.0015004450 0.0004984716   3.010091 0.0026235185  0.0005232440  0.0024776460
8                                  availability_365  0.0003071925 0.0000488696   6.285966 0.0000000004  0.0002113888  0.0004029961
9                  require_guest_phone_verification  0.0630249641 0.0293198728   2.149565 0.0316330550  0.0055464478  0.1205034804
10                                reviews_per_month -0.0245312732 0.0037746604  -6.498935 0.0000000001 -0.0319310965 -0.0171314500
11                        host_verification_reviews -0.0658596869 0.0142140640  -4.633417 0.0000036796 -0.0937248592 -0.0379945146
12                          host_verification_jumio -0.0371390734 0.0098784186  -3.759617 0.0001719350 -0.0565046705 -0.0177734763
13                         host_verification_google  0.0624523638 0.0195615352   3.192611 0.0014178550  0.0241040387  0.1008006890
14                                       cc_summary -0.0001229680 0.0000373863  -3.289123 0.0010113091 -0.0001962598 -0.0000496762
15                                   cc_description  0.0000605583 0.0000234005   2.587904 0.0096815228  0.0000146840  0.0001064325
16                         cc_neighborhood_overview -0.0000605684 0.0000205082  -2.953374 0.0031564872 -0.0001007725 -0.0000203642
17                                         cc_notes -0.0000540154 0.0000214145  -2.522370 0.0116846167 -0.0000959963 -0.0000120345
18                                   cc_avg_reviews  0.0001193672 0.0000388900   3.069352 0.0021556685  0.0000431274  0.0001956070
19                                           Topic1  0.4890897736 0.0473157348  10.336726 0.0000000000  0.3963322693  0.5818472780
20                                           Topic2  0.1434635267 0.0443991493   3.231222 0.0012398633  0.0564236803  0.2305033730
21                                           Topic3 -0.8169342551 0.0633883032 -12.887776 0.0000000000 -0.9412003336 -0.6926681766
22                                           Topic4  0.4996261479 0.0863972143   5.782896 0.0000000077  0.3302535276  0.6689987682
23                                           Topic7  0.6167203483 0.0844461797   7.303117 0.0000000000  0.4511725255  0.7822681712
24                                           Topic8  0.3021178832 0.0833395234   3.625145 0.0002914052  0.1387395433  0.4654962232
25                                           Topic9  0.3355625494 0.0716132074   4.685763 0.0000028563  0.1951724143  0.4759526846
26                                          Topic10  0.3216491379 0.0791755346   4.062481 0.0000492282  0.1664338584  0.4768644175
27                                          Topic13 -0.2441445072 0.0820838073  -2.974332 0.0029489972 -0.4050611482 -0.0832278661
28                                          Topic14  0.2685302392 0.0810236398   3.314221 0.0009249213  0.1096919446  0.4273685338
29                                          Topic15 -0.1989768800 0.0763555366  -2.605926 0.0091872709 -0.3486638511 -0.0492899090
30                                          Topic16 -0.6674280707 0.0835415097  -7.989179 0.0000000000 -0.8312023836 -0.5036537579
31                                          Topic17 -0.2739258802 0.0772409835  -3.546380 0.0003938081 -0.4253486763 -0.1225030841
32                                          Topic18 -0.3803756355 0.0923378739  -4.119389 0.0000385442 -0.5613942919 -0.1993569791
33                                          Topic20 -0.3091203942 0.0828885771  -3.729349 0.0001939030 -0.4716147015 -0.1466260868
34                                          Topic21  0.5841572011 0.0827625115   7.058234 0.0000000000  0.4219100320  0.7464043702
35                                          Topic22 -0.3050447648 0.0873707113  -3.491385 0.0004842901 -0.4763258232 -0.1337637064
36                                          Topic23 -0.6752799788 0.0832946113  -8.107127 0.0000000000 -0.8385702733 -0.5119896842
37                                          Topic24 -0.2448899854 0.0928287305  -2.638084 0.0083610235 -0.4268709144 -0.0629090565
38                                          Topic25  0.3749426503 0.0871128546   4.304102 0.0000170569  0.2041670928  0.5457182078
39                                          Topic27 -0.2264583786 0.0854926561  -2.648864 0.0080993227 -0.3940577081 -0.0588590491
40                                          Topic31  0.5648591665 0.0909932628   6.207703 0.0000000006  0.3864764781  0.7432418549
41                                          Topic32 -0.2506854233 0.0888752075  -2.820645 0.0048098494 -0.4249158877 -0.0764549588
42                                          Topic33  0.3471568044 0.0944798721   3.674400 0.0002406728  0.1619389864  0.5323746223
43                                          Topic35  0.1995482390 0.0926125308   2.154657 0.0312318736  0.0179911467  0.3811053313
44                                          Topic36 -0.2638287907 0.0934219616  -2.824055 0.0047590433 -0.4469726867 -0.0806848948
45                                          Topic40 -0.2553175142 0.0987985863  -2.584222 0.0097853677 -0.4490017155 -0.0616333130
46                                          Topic41  0.4594480801 0.0997664107   4.605238 0.0000042126  0.2638665612  0.6550295991
47                                          Topic44  0.2221038643 0.0981268754   2.263436 0.0236475699  0.0297364814  0.4144712472
48                                          Topic47  0.4985826282 0.0998719975   4.992216 0.0000006153  0.3027941174  0.6943711389
49                                          Topic49 -0.3188664045 0.1041048503  -3.062935 0.0022023526 -0.5229529763 -0.1147798327
50                                          Topic50 -0.4011979962 0.1031215794  -3.890534 0.0001012025 -0.6033569692 -0.1990390233
51                                          Topic52 -0.6718454985 0.1050929793  -6.392868 0.0000000002 -0.8778691929 -0.4658218041
52                                          Topic53 -0.2843314206 0.1053015763  -2.700163 0.0069517183 -0.4907640474 -0.0778987938
53                                          Topic54 -0.4127968201 0.1039051813  -3.972822 0.0000719322 -0.6164919619 -0.2091016783
54                                          Topic56 -0.5548800025 0.1076699507  -5.153527 0.0000002645 -0.7659555775 -0.3438044275
55                                          Topic57  0.3267375804 0.1092907213   2.989619 0.0028055949  0.1124846557  0.5409905051
56                                          Topic58  0.6681897980 0.1069309961   6.248794 0.0000000004  0.4585628656  0.8778167305
57                                          Topic59 -0.3912193839 0.1091646366  -3.583756 0.0003416163 -0.6052251327 -0.1772136350
58                                          Topic60 -0.2545772223 0.1103114605  -2.307804 0.0210468991 -0.4708311985 -0.0383232462
59                                          Topic66 -0.2776505408 0.1130261454  -2.456516 0.0140597678 -0.4992263701 -0.0560747114
60                                          Topic70  0.2317536760 0.1125375804   2.059345 0.0395080896  0.0111356268  0.4523717253
61                                          Topic74  0.3795529272 0.1147401033   3.307936 0.0009458873  0.1546170644  0.6044887901
62                                          Topic75  0.2323670065 0.1180839195   1.967812 0.0491396784  0.0008759448  0.4638580682
63                                          Topic78 -0.3288375193 0.1191593658  -2.759645 0.0058055376 -0.5624368800 -0.0952381587
64                                          Topic80  0.3806512075 0.1171079772   3.250429 0.0011592306  0.1510733777  0.6102290373
65                                          Topic81 -0.6261726717 0.1211740428  -5.167548 0.0000002455 -0.8637215939 -0.3886237494
66                                          Topic82 -0.4870706831 0.1200675119  -4.056640 0.0000504714 -0.7224503683 -0.2516909979
67                                          Topic83  0.5163115082 0.1230731648   4.195159 0.0000276962  0.2750395577  0.7575834587
68                                          Topic91  0.3209609663 0.1275609043   2.516139 0.0118930163  0.0708912761  0.5710306566
69                                          Topic92 -0.3327893734 0.1288937942  -2.581888 0.0098517125 -0.5854720536 -0.0801066932
70                                          Topic93  0.3193140877 0.1282946126   2.488913 0.0128427267  0.0678060399  0.5708221355
71                                          Topic97 -0.3211334098 0.1290747539  -2.487965 0.0128769765 -0.5741708424 -0.0680959773
72                                          Topic98 -0.2580113710 0.1299018793  -1.986202 0.0470603483 -0.5126702957 -0.0033524463
73               neighbourhood_cleansed_East_Boston  0.1857995102 0.0312105824   5.953093 0.0000000028  0.1246144574  0.2469845630
74                   neighbourhood_cleansed_Roxbury  0.1908785910 0.0269395342   7.085445 0.0000000000  0.1380664774  0.2436907046
75                neighbourhood_cleansed_Roslindale -0.0731334550 0.0354455543  -2.063262 0.0391344906 -0.1426207233 -0.0036461867
76                  neighbourhood_cleansed_Downtown  0.4888535827 0.0311987561  15.669009 0.0000000000  0.4276917140  0.5500154514
77                 neighbourhood_cleansed_South_End  0.3795840141 0.0317930898  11.939199 0.0000000000  0.3172570171  0.4419110112
78                  neighbourhood_cleansed_Back_Bay  0.4286783413 0.0339297855  12.634278 0.0000000000  0.3621625778  0.4951941048
79                    neighbourhood_cleansed_Fenway  0.3192122403 0.0311823699  10.236946 0.0000000000  0.2580824952  0.3803419855
80                 neighbourhood_cleansed_North_End  0.2390991603 0.0388356633   6.156691 0.0000000008  0.1629659411  0.3152323796
81                  neighbourhood_cleansed_West_End  0.4122251212 0.0417262457   9.879277 0.0000000000  0.3304252204  0.4940250221
82             neighbourhood_cleansed_Jamaica_Plain  0.1452753916 0.0313188204   4.638597 0.0000035889  0.0838781495  0.2066726336
83               neighbourhood_cleansed_Charlestown  0.3748103350 0.0359753281  10.418538 0.0000000000  0.3042845011  0.4453361689
84               neighbourhood_cleansed_Beacon_Hill  0.4329039983 0.0379118175  11.418709 0.0000000000  0.3585818814  0.5072261152
85              neighbourhood_cleansed_Mission_Hill  0.2568690371 0.0355135668   7.232983 0.0000000000  0.1872484375  0.3264896368
86                   neighbourhood_cleansed_Allston  0.1701876427 0.0278906184   6.101967 0.0000000011  0.1155110290  0.2248642564
87                  neighbourhood_cleansed_Brighton  0.1066730638 0.0259430129   4.111822 0.0000398257  0.0558145250  0.1575316025
88              neighbourhood_cleansed_South_Boston  0.2831615381 0.0291652227   9.708876 0.0000000000  0.2259861971  0.3403368790
89   neighbourhood_cleansed_South_Boston_Waterfront  0.4053230554 0.0523113802   7.748277 0.0000000000  0.3027721154  0.5078739954
90     neighbourhood_cleansed_Longwood_Medical_Area  0.2441569256 0.1033319031   2.362842 0.0181699488  0.0415856351  0.4467282161
91                 neighbourhood_cleansed_Chinatown  0.4921201830 0.0408068545  12.059743 0.0000000000  0.4121226515  0.5721177146
92                  neighbourhood_cleansed_Mattapan -0.1035332733 0.0417864158  -2.477678 0.0132537947 -0.1854511313 -0.0216154152
93               neighbourhood_cleansed_Bay_Village  0.3898743344 0.0642667970   6.066497 0.0000000014  0.2638860616  0.5158626072
94                 property_type_Serviced_apartment  0.1591463553 0.0323455491   4.920193 0.0000008897  0.0957363201  0.2225563905
95                  property_type_Bed_and_breakfast  0.1713149313 0.0519237594   3.299355 0.0009752240  0.0695238811  0.2731059815
96                              property_type_House -0.0385113905 0.0155026506  -2.484181 0.0130144544 -0.0689027008 -0.0081200802
97                          property_type_Townhouse  0.1138963241 0.0323984790   3.515484 0.0004424838  0.0503825254  0.1774101227
98                           room_type_Private_room -0.2991482043 0.0171381675 -17.455087 0.0000000000 -0.3327457730 -0.2655506356
99                                bed_type_Real_Bed -0.0901465396 0.0457164816  -1.971861 0.0486754194 -0.1797688768 -0.0005242024
100                          bed_type_Pull_out_Sofa -0.3086468754 0.0889580937  -3.469576 0.0005252715 -0.4830398294 -0.1342539214
101             cancellation_policy_super_strict_30 -0.3760141622 0.0442280042  -8.501721 0.0000000000 -0.4627184966 -0.2893098277
102                    cancellation_policy_flexible -0.0248416128 0.0125928047  -1.972683 0.0485815783 -0.0495284775 -0.0001547482
103                              log_minimum_nights -0.0435353186 0.0122892715  -3.542547 0.0003995630 -0.0676271384 -0.0194434988
104                      log_maximum_minimum_nights -0.0319336359 0.0110441696  -2.891447 0.0038497128 -0.0535845649 -0.0102827069
105 log_calculated_host_listings_count_shared_rooms -0.2685229578 0.0274010961  -9.799716 0.0000000000 -0.3222399147 -0.2148060009
106                                  t_accommodates -5.4191224480 0.3550971289 -15.260958 0.0000000000 -6.1152528925 -4.7229920036
107                             t_host_since_tenure  0.0003275443 0.0000762798   4.293985 0.0000178508  0.0001780058  0.0004770828
108                               t_guests_included -0.0509552018 0.0146285783  -3.483264 0.0004991881 -0.0796329857 -0.0222774180
109                                       interact1  0.0113169533 0.0029375405   3.852527 0.0001182324  0.0055582151  0.0170756915
110                                       interact2 -0.0029715890 0.0014213437  -2.090690 0.0366015500 -0.0057579833 -0.0001851948
> data.frame(get_regression_table(aic_reduced_model_interact,digits=10))
                                               term      estimate    std_error  statistic      p_value      lower_ci      upper_ci
1                                         intercept 10.1450374077 0.3657295847  27.739176 0.0000000000  9.4280624960 10.8620123194
2                                host_response_rate -0.0007579251 0.0001542204  -4.914558 0.0000009157 -0.0010602581 -0.0004555920
3                                 host_is_superhost  0.0583184168 0.0157090081   3.712419 0.0002073226  0.0275225359  0.0891142977
4                                          bedrooms  0.0554553366 0.0112157013   4.944438 0.0000007864  0.0334681177  0.0774425555
5                                              beds -0.0294489454 0.0104622032  -2.814794 0.0048982411 -0.0499590095 -0.0089388813
6                                      cleaning_fee  0.0004738232 0.0001388889   3.411528 0.0006506628  0.0002015460  0.0007461004
7                                   availability_30  0.0016517031 0.0004987900   3.311420 0.0009342368  0.0006738770  0.0026295291
8                                  availability_365  0.0003024726 0.0000491666   6.151995 0.0000000008  0.0002060866  0.0003988585
9                                 number_of_reviews -0.0002729775 0.0001803311  -1.513757 0.1301450599 -0.0006264979  0.0000805430
10                            number_of_reviews_ltm  0.0009625238 0.0005312446   1.811828 0.0700674448 -0.0000789262  0.0020039738
11                 require_guest_phone_verification  0.0663109989 0.0295719766   2.242359 0.0249779219  0.0083382065  0.1242837914
12                                reviews_per_month -0.0298086271 0.0053474010  -5.574414 0.0000000260 -0.0402916521 -0.0193256021
13                          host_verification_phone -0.2089513589 0.1025687886  -2.037183 0.0416796128 -0.4100268290 -0.0078758889
14                        host_verification_reviews -0.0682507068 0.0147332608  -4.632424 0.0000036976 -0.0971337363 -0.0393676773
15                          host_verification_jumio -0.0336657551 0.0099525804  -3.382616 0.0007230118 -0.0531767565 -0.0141547538
16                     host_verification_work_email -0.0278817025 0.0122327413  -2.279269 0.0226893221 -0.0518627228 -0.0039006822
17                         host_verification_google  0.0557615811 0.0195979187   2.845281 0.0044536653  0.0173418944  0.0941812677
18                          host_verification_weibo -0.2480197261 0.1263253059  -1.963342 0.0496569090 -0.4956673839 -0.0003720683
19                                    host_is_local  0.0230580442 0.0131874817   1.748480 0.0804368963 -0.0027946457  0.0489107340
20                                          cc_name  0.0006933326 0.0004928358   1.406823 0.1595365731 -0.0002728208  0.0016594860
21                                       cc_summary -0.0001348482 0.0000383353  -3.517603 0.0004389887 -0.0002100006 -0.0000596959
22                                   cc_description  0.0000539970 0.0000235689   2.291027 0.0219995955  0.0000077926  0.0001002013
23                         cc_neighborhood_overview -0.0000567764 0.0000206259  -2.752679 0.0059304152 -0.0000972112 -0.0000163415
24                                         cc_notes -0.0000519964 0.0000216330  -2.403564 0.0162690704 -0.0000944057 -0.0000095871
25                                   cc_avg_reviews  0.0001384427 0.0000392971   3.522980 0.0004301978  0.0000614049  0.0002154805
26                                           Topic1  0.5323789999 0.0541455333   9.832372 0.0000000000  0.4262322986  0.6385257012
27                                           Topic2  0.1285860020 0.0467611083   2.749849 0.0059817922  0.0369157000  0.2202563041
28                                           Topic3 -0.8826677802 0.0750737047 -11.757349 0.0000000000 -1.0298419905 -0.7354935699
29                                           Topic4  0.4779913494 0.0890264519   5.369094 0.0000000824  0.3034642257  0.6525184731
30                                           Topic7  0.6575893126 0.0858152451   7.662850 0.0000000000  0.4893574267  0.8258211985
31                                           Topic8  0.3260367738 0.0845512568   3.856084 0.0001165359  0.1602828057  0.4917907419
32                                           Topic9  0.3279293936 0.0772927297   4.242694 0.0000224489  0.1764050149  0.4794537722
33                                          Topic10  0.3117773726 0.0796021198   3.916697 0.0000908601  0.1557256743  0.4678290709
34                                          Topic13 -0.2267959282 0.0831717810  -2.726837 0.0064147694 -0.3898455770 -0.0637462794
35                                          Topic14  0.2891223392 0.0828880460   3.488107 0.0004902694  0.1266289235  0.4516157550
36                                          Topic15 -0.1695173356 0.0781700948  -2.168570 0.0301581414 -0.3227616974 -0.0162729738
37                                          Topic16 -0.6693712987 0.0852406559  -7.852723 0.0000000000 -0.8364767622 -0.5022658352
38                                          Topic17 -0.2777671313 0.0780679561  -3.558017 0.0003768216 -0.4308112609 -0.1247230017
39                                          Topic18 -0.3537588120 0.0931372909  -3.798251 0.0001472951 -0.5363448092 -0.1711728147
40                                          Topic19 -0.1307950128 0.0820317621  -1.594444 0.1108943012 -0.2916097728  0.0300197471
41                                          Topic20 -0.3111574995 0.0837258145  -3.716387 0.0002041033 -0.4752932736 -0.1470217254
42                                          Topic21  0.5535043904 0.0838358684   6.602238 0.0000000000  0.3891528671  0.7178559137
43                                          Topic22 -0.2892110529 0.0882418082  -3.277483 0.0010538839 -0.4621999641 -0.1162221417
44                                          Topic23 -0.6302462441 0.0847355193  -7.437805 0.0000000000 -0.7963614396 -0.4641310487
45                                          Topic24 -0.2449283111 0.0932350766  -2.626997 0.0086381433 -0.4277060071 -0.0621506152
46                                          Topic25  0.3475623943 0.0882195761   3.939742 0.0000825815  0.1746170668  0.5205077218
47                                          Topic27 -0.1998117400 0.0865658713  -2.308205 0.0210247534 -0.3695151507 -0.0301083293
48                                          Topic30  0.1329958833 0.0907080824   1.466197 0.1426520139 -0.0448279026  0.3108196691
49                                          Topic31  0.5398753860 0.0928268370   5.815941 0.0000000064  0.3578980016  0.7218527705
50                                          Topic32 -0.2732031780 0.0888967099  -3.073265 0.0021276893 -0.4474759561 -0.0989303999
51                                          Topic33  0.3346605844 0.0955771113   3.501472 0.0004663767  0.1472915724  0.5220295964
52                                          Topic34 -0.1931888974 0.0957160537  -2.018354 0.0436029332 -0.3808302916 -0.0055475031
53                                          Topic35  0.1843980298 0.0929572361   1.983687 0.0473405210  0.0021650113  0.3666310483
54                                          Topic36 -0.2701511666 0.0948852581  -2.847135 0.0044278402 -0.4561638722 -0.0841384610
55                                          Topic40 -0.2391736694 0.1005497121  -2.378661 0.0174096597 -0.4362909495 -0.0420563894
56                                          Topic41  0.4679292589 0.1007511061   4.644408 0.0000034901  0.2704171667  0.6654413510
57                                          Topic44  0.2207337445 0.0983344561   2.244724 0.0248255039  0.0279592441  0.4135082448
58                                          Topic47  0.5142119204 0.1004080085   5.121224 0.0000003139  0.3173724356  0.7110514051
59                                          Topic49 -0.2788241194 0.1049937004  -2.655627 0.0079389833 -0.4846533776 -0.0729948613
60                                          Topic50 -0.4194837586 0.1036280763  -4.047974 0.0000523737 -0.6226358524 -0.2163316649
61                                          Topic51 -0.1960267575 0.1045646719  -1.874694 0.0608879019 -0.4010149497  0.0089614347
62                                          Topic52 -0.6828397042 0.1051130182  -6.496243 0.0000000001 -0.8889028723 -0.4767765360
63                                          Topic53 -0.2773094599 0.1053976682  -2.631078 0.0085352479 -0.4839306548 -0.0706882649
64                                          Topic54 -0.4266980702 0.1040241772  -4.101912 0.0000415679 -0.6306266785 -0.2227694618
65                                          Topic56 -0.5587764164 0.1078374858  -5.181653 0.0000002278 -0.7701806208 -0.3473722120
66                                          Topic57  0.3103003069 0.1102941560   2.813388 0.0049196715  0.0940800554  0.5265205584
67                                          Topic58  0.6487838356 0.1073788100   6.042010 0.0000000016  0.4382788177  0.8592888536
68                                          Topic59 -0.4122389279 0.1093483818  -3.769959 0.0001649892 -0.6266050871 -0.1978727686
69                                          Topic60 -0.2246195056 0.1105603613  -2.031646 0.0422375883 -0.4413616250 -0.0078773862
70                                          Topic62 -0.1592950706 0.1099952131  -1.448200 0.1476182331 -0.3749292754  0.0563391342
71                                          Topic66 -0.2561008342 0.1134696985  -2.256998 0.0240473796 -0.4785464072 -0.0336552611
72                                          Topic70  0.2671468930 0.1129917114   2.364305 0.0180985388  0.0456383640  0.4886554219
73                                          Topic73 -0.2209034128 0.1173115275  -1.883049 0.0597464937 -0.4508804930  0.0090736675
74                                          Topic74  0.3330564316 0.1151434159   2.892536 0.0038364853  0.1073297092  0.5587831539
75                                          Topic75  0.2352214265 0.1182755538   1.988758 0.0467775151  0.0033544727  0.4670883804
76                                          Topic78 -0.3212686971 0.1193759168  -2.691235 0.0071403692 -0.5552927986 -0.0872445957
77                                          Topic80  0.3577319082 0.1170656185   3.055824 0.0022552150  0.1282369070  0.5872269094
78                                          Topic81 -0.6270057211 0.1218674930  -5.144979 0.0000002769 -0.8659142992 -0.3880971430
79                                          Topic82 -0.4679448343 0.1200493641  -3.897937 0.0000981720 -0.7032891593 -0.2326005093
80                                          Topic83  0.5301833024 0.1230296457   4.309395 0.0000166564  0.2889964445  0.7713701602
81                                          Topic86  0.1815561706 0.1223881347   1.483446 0.1380134071 -0.0583730714  0.4214854127
82                                          Topic88 -0.2316922157 0.1245599899  -1.860085 0.0629268980 -0.4758791547  0.0124947232
83                                          Topic90  0.2035178834 0.1271871413   1.600145 0.1096239434 -0.0458193133  0.4528550801
84                                          Topic91  0.3479178277 0.1274246816   2.730380 0.0063463256  0.0981149577  0.5977206976
85                                          Topic92 -0.3452401978 0.1287987357  -2.680463 0.0073740117 -0.5977367581 -0.0927436375
86                                          Topic93  0.3262548669 0.1281901757   2.545085 0.0109522533  0.0749513253  0.5775584084
87                                          Topic94  0.1934946817 0.1263481458   1.531441 0.1257181612 -0.0541977514  0.4411871148
88                                          Topic95  0.2062852011 0.1278215394   1.613853 0.1066167516 -0.0442956672  0.4568660695
89                                          Topic97 -0.2671846766 0.1291066460  -2.069488 0.0385469845 -0.5202848632 -0.0140844900
90                                          Topic98 -0.2646534251 0.1301362949  -2.033663 0.0420335408 -0.5197721315 -0.0095347187
91               neighbourhood_cleansed_East_Boston  0.1641040000 0.0343098811   4.782995 0.0000017722  0.0968430372  0.2313649628
92                   neighbourhood_cleansed_Roxbury  0.1707976358 0.0282359739   6.048937 0.0000000016  0.1154439381  0.2261513335
93                neighbourhood_cleansed_Roslindale -0.0878409747 0.0364309902  -2.411161 0.0159344747 -0.1592601519 -0.0164217976
94                  neighbourhood_cleansed_Downtown  0.4677805883 0.0324570032  14.412316 0.0000000000  0.4041520005  0.5314091761
95                 neighbourhood_cleansed_South_End  0.3505424502 0.0335079945  10.461457 0.0000000000  0.2848535029  0.4162313975
96                  neighbourhood_cleansed_Back_Bay  0.4269365349 0.0350954515  12.165010 0.0000000000  0.3581355429  0.4957375269
97                    neighbourhood_cleansed_Fenway  0.2997506461 0.0325084587   9.220697 0.0000000000  0.2360211851  0.3634801072
98                 neighbourhood_cleansed_North_End  0.2210444319 0.0392787352   5.627585 0.0000000192  0.1440425461  0.2980463177
99                  neighbourhood_cleansed_West_End  0.3871874195 0.0434185776   8.917552 0.0000000000  0.3020698021  0.4723050368
100            neighbourhood_cleansed_Jamaica_Plain  0.1234922795 0.0326915144   3.777503 0.0001600853  0.0594039567  0.1875806023
101              neighbourhood_cleansed_Charlestown  0.3497556663 0.0369252078   9.472003 0.0000000000  0.2773676270  0.4221437057
102              neighbourhood_cleansed_Beacon_Hill  0.4100245803 0.0387753883  10.574351 0.0000000000  0.3340094539  0.4860397066
103             neighbourhood_cleansed_Mission_Hill  0.2353545097 0.0368919712   6.379559 0.0000000002  0.1630316273  0.3076773922
104                  neighbourhood_cleansed_Allston  0.1506158421 0.0295512436   5.096768 0.0000003571  0.0926836945  0.2085479897
105                 neighbourhood_cleansed_Brighton  0.0890968325 0.0273077193   3.262698 0.0011103220  0.0355628816  0.1426307835
106             neighbourhood_cleansed_South_Boston  0.2718184574 0.0306620860   8.864970 0.0000000000  0.2117086186  0.3319282963
107             neighbourhood_cleansed_West_Roxbury -0.0800995794 0.0458143941  -1.748350 0.0804594054 -0.1699139464  0.0097147877
108  neighbourhood_cleansed_South_Boston_Waterfront  0.4129043244 0.0534437957   7.725954 0.0000000000  0.3081333069  0.5176753420
109    neighbourhood_cleansed_Longwood_Medical_Area  0.2413530296 0.1037586034   2.326101 0.0200493777  0.0379450511  0.4447610082
110                neighbourhood_cleansed_Chinatown  0.4721981371 0.0419145360  11.265737 0.0000000000  0.3900290374  0.5543672368
111                 neighbourhood_cleansed_Mattapan -0.1151333657 0.0423586392  -2.718061 0.0065871960 -0.1981730838 -0.0320936475
112              neighbourhood_cleansed_Bay_Village  0.3755438869 0.0652180824   5.758279 0.0000000090  0.2476906018  0.5033971719
113           host_response_time_within_a_few_hours -0.0318211708 0.0163380934  -1.947667 0.0515056957 -0.0638503081  0.0002079664
114                property_type_Serviced_apartment  0.1653643946 0.0326726901   5.061242 0.0000004301  0.1013129750  0.2294158142
115                 property_type_Bed_and_breakfast  0.1617012319 0.0519486558   3.112713 0.0018632961  0.0598612812  0.2635411826
116                             property_type_House -0.0356280630 0.0156479969  -2.276845 0.0228338029 -0.0663043377 -0.0049517884
117                         property_type_Townhouse  0.1144620545 0.0325077321   3.521072 0.0004332982  0.0507340178  0.1781900912
118                          property_type_Bungalow  0.3490210874 0.1693751520   2.060639 0.0393844827  0.0169786722  0.6810635026
119                             property_type_Villa  0.2230472752 0.1278024048   1.745251 0.0809971433 -0.0274960817  0.4735906321
120                        property_type_Tiny_house  0.6562123562 0.3341179437   1.964014 0.0495788460  0.0012087875  1.3112159249
121                          room_type_Private_room -0.3029537153 0.0172805886 -17.531447 0.0000000000 -0.3368305166 -0.2690769140
122                               bed_type_Real_Bed -0.0912723621 0.0456500878  -1.999391 0.0456153010 -0.1807646238 -0.0017801005
123                          bed_type_Pull_out_Sofa -0.3045150102 0.0886972975  -3.433194 0.0006009249 -0.4783968610 -0.1306331594
124             cancellation_policy_super_strict_30 -0.3803055006 0.0450301247  -8.445580 0.0000000000 -0.4685823888 -0.2920286124
125                    cancellation_policy_flexible -0.0269077173 0.0126077871  -2.134214 0.0328694428 -0.0516239760 -0.0021914587
126                              log_minimum_nights -0.0383709323 0.0123968576  -3.095214 0.0019766114 -0.0626736857 -0.0140681788
127                      log_maximum_minimum_nights -0.0378900696 0.0112041961  -3.381775 0.0007252236 -0.0598547339 -0.0159254054
128 log_calculated_host_listings_count_shared_rooms -0.2690859912 0.0279042956  -9.643174 0.0000000000 -0.3237894681 -0.2143825144
129                                  t_accommodates -5.2960884152 0.3561653550 -14.869746 0.0000000000 -5.9943136468 -4.5978631836
130                             t_host_since_tenure  0.0003293932 0.0000773727   4.257229 0.0000210429  0.0001777121  0.0004810743
131                               t_guests_included -0.0527570031 0.0146763367  -3.594698 0.0003276190 -0.0815284388 -0.0239855674
132                                       interact1  0.0103262838 0.0029504113   3.499947 0.0004690466  0.0045423086  0.0161102591
133                                       interact2 -0.0026985217 0.0014235076  -1.895685 0.0580542181 -0.0054891606  0.0000921173
> data.frame(get_regression_table(bic_reduced_model_interact,digits=10))
                                              term      estimate    std_error  statistic      p_value      lower_ci      upper_ci
1                                        intercept 10.1967031755 0.3437270104  29.665120 0.0000000000  9.5228636353 10.8705427157
2                               host_response_rate -0.0008532315 0.0001426010  -5.983347 0.0000000023 -0.0011327854 -0.0005736776
3                                host_is_superhost  0.0555231949 0.0131847715   4.211161 0.0000258083  0.0296758797  0.0813705101
4                                         bedrooms  0.0588924212 0.0106061862   5.552648 0.0000000294  0.0381001431  0.0796846994
5                                             beds -0.0316584448 0.0104934996  -3.016958 0.0025648336 -0.0522298133 -0.0110870764
6                                     cleaning_fee  0.0005860561 0.0001350963   4.338061 0.0000146295  0.0003212144  0.0008508979
7                                 availability_365  0.0003953163 0.0000429394   9.206377 0.0000000000  0.0003111383  0.0004794943
8                                reviews_per_month -0.0262746340 0.0035944997  -7.309678 0.0000000000 -0.0333212611 -0.0192280070
9                        host_verification_reviews -0.0702243323 0.0139992375  -5.016297 0.0000005432 -0.0976683197 -0.0427803449
10                         host_verification_jumio -0.0393389983 0.0098018613  -4.013421 0.0000606333 -0.0585544847 -0.0201235119
11                                        cc_notes -0.0000827863 0.0000202237  -4.093527 0.0000430896 -0.0001224328 -0.0000431399
12                                  cc_avg_reviews  0.0001559050 0.0000379980   4.102983 0.0000413702  0.0000814141  0.0002303959
13                                          Topic1  0.5115351115 0.0446289293  11.461962 0.0000000000  0.4240449339  0.5990252891
14                                          Topic2  0.1761598926 0.0430749873   4.089610 0.0000438214  0.0917160499  0.2606037354
15                                          Topic3 -0.9046933343 0.0614896936 -14.712926 0.0000000000 -1.0252372125 -0.7841494561
16                                          Topic4  0.5784779303 0.0831522318   6.956854 0.0000000000  0.4154669944  0.7414888661
17                                          Topic7  0.5959076225 0.0815093467   7.310912 0.0000000000  0.4361173847  0.7556978603
18                                          Topic9  0.3453421172 0.0675960393   5.108911 0.0000003349  0.2128274103  0.4778568241
19                                         Topic10  0.2893002384 0.0760076468   3.806199 0.0001426389  0.1402954868  0.4383049900
20                                         Topic14  0.3460945615 0.0756463377   4.575166 0.0000048620  0.1977981172  0.4943910058
21                                         Topic15 -0.2943079202 0.0734230660  -4.008385 0.0000619368 -0.4382458813 -0.1503699591
22                                         Topic16 -0.6515218231 0.0805682551  -8.086582 0.0000000000 -0.8094671528 -0.4935764934
23                                         Topic17 -0.3610588809 0.0749421227  -4.817836 0.0000014898 -0.5079747879 -0.2141429738
24                                         Topic20 -0.3620401524 0.0817479751  -4.428735 0.0000096608 -0.5222981952 -0.2017821096
25                                         Topic21  0.6002625891 0.0823832037   7.286225 0.0000000000  0.4387592496  0.7617659287
26                                         Topic22 -0.4258388861 0.0866992665  -4.911678 0.0000009289 -0.5958033990 -0.2558743732
27                                         Topic23 -0.7002031867 0.0824466489  -8.492803 0.0000000000 -0.8618309038 -0.5385754697
28                                         Topic25  0.3533221154 0.0857047967   4.122548 0.0000380172  0.1853071528  0.5213370780
29                                         Topic31  0.4655606620 0.0903991931   5.150053 0.0000002694  0.2883428441  0.6427784799
30                                         Topic32 -0.3362089668 0.0887455925  -3.788458 0.0001531894 -0.5101850799 -0.1622328537
31                                         Topic33  0.3281073025 0.0931372982   3.522835 0.0004303951  0.1455217265  0.5106928786
32                                         Topic41  0.4971176272 0.0994712630   4.997600 0.0000005983  0.3021149998  0.6921202545
33                                         Topic47  0.5139226887 0.0999821033   5.140147 0.0000002839  0.3179186143  0.7099267631
34                                         Topic50 -0.3708177062 0.1034715701  -3.583764 0.0003415856 -0.5736625021 -0.1679729104
35                                         Topic52 -0.5612012814 0.1048828567  -5.350744 0.0000000911 -0.7668127515 -0.3555898114
36                                         Topic54 -0.3728682189 0.1046205938  -3.564004 0.0003683117 -0.5779655511 -0.1677708867
37                                         Topic56 -0.5380379981 0.1077296398  -4.994336 0.0000006085 -0.7492302780 -0.3268457182
38                                         Topic58  0.6784822782 0.1079619292   6.284459 0.0000000004  0.4668346203  0.8901299361
39                                         Topic59 -0.4626519176 0.1098264983  -4.212571 0.0000256482 -0.6779548611 -0.2473489741
40                                         Topic74  0.4198323661 0.1157351046   3.627528 0.0002887187  0.1929462405  0.6467184918
41                                         Topic80  0.3532097416 0.1187192283   2.975169 0.0029408941  0.1204735650  0.5859459183
42                                         Topic81 -0.5838217567 0.1219675383  -4.786698 0.0000017395 -0.8229258930 -0.3447176204
43                                         Topic82 -0.4024296098 0.1214768471  -3.312809 0.0009295532 -0.6405717992 -0.1642874204
44                                         Topic83  0.5091328073 0.1242964143   4.096118 0.0000426117  0.2654631622  0.7528024524
45              neighbourhood_cleansed_East_Boston  0.1867516490 0.0268424236   6.957332 0.0000000000  0.1341299875  0.2393733105
46                  neighbourhood_cleansed_Roxbury  0.1681186559 0.0249358736   6.742040 0.0000000000  0.1192345790  0.2170027328
47                 neighbourhood_cleansed_Downtown  0.4707610194 0.0285106128  16.511782 0.0000000000  0.4148690539  0.5266529849
48                neighbourhood_cleansed_South_End  0.3201813051 0.0283592553  11.290187 0.0000000000  0.2645860595  0.3757765507
49                 neighbourhood_cleansed_Back_Bay  0.3934604764 0.0312714823  12.582086 0.0000000000  0.3321561255  0.4547648273
50                   neighbourhood_cleansed_Fenway  0.2809520758 0.0260988236  10.764933 0.0000000000  0.2297881615  0.3321159901
51                neighbourhood_cleansed_North_End  0.2529204811 0.0345511689   7.320171 0.0000000000  0.1851866602  0.3206543020
52                 neighbourhood_cleansed_West_End  0.4238053186 0.0397955580  10.649563 0.0000000000  0.3457904414  0.5018201957
53            neighbourhood_cleansed_Jamaica_Plain  0.1653085985 0.0280536974   5.892578 0.0000000040  0.1103123661  0.2203048309
54              neighbourhood_cleansed_Charlestown  0.4019952887 0.0339376371  11.845117 0.0000000000  0.3354642304  0.4685263471
55              neighbourhood_cleansed_Beacon_Hill  0.4250429022 0.0358210572  11.865727 0.0000000000  0.3548196029  0.4952662015
56             neighbourhood_cleansed_Mission_Hill  0.2409744030 0.0333152007   7.233167 0.0000000000  0.1756635637  0.3062852422
57                  neighbourhood_cleansed_Allston  0.1634280560 0.0250930570   6.512879 0.0000000001  0.1142358381  0.2126202739
58                 neighbourhood_cleansed_Brighton  0.0980611961 0.0233312459   4.202999 0.0000267540  0.0523228179  0.1437995743
59             neighbourhood_cleansed_South_Boston  0.3318269255 0.0270001733  12.289807 0.0000000000  0.2788960128  0.3847578382
60  neighbourhood_cleansed_South_Boston_Waterfront  0.4117144687 0.0497877331   8.269396 0.0000000000  0.3141110155  0.5093179219
61                neighbourhood_cleansed_Chinatown  0.4635900845 0.0389085644  11.914860 0.0000000000  0.3873140621  0.5398661068
62              neighbourhood_cleansed_Bay_Village  0.3438933092 0.0623635037   5.514336 0.0000000366  0.2216364211  0.4661501974
63                property_type_Serviced_apartment  0.1599851054 0.0323530363   4.944980 0.0000007839  0.0965604851  0.2234097257
64                 property_type_Bed_and_breakfast  0.1984329288 0.0517239574   3.836383 0.0001262452  0.0970337176  0.2998321399
65                         property_type_Townhouse  0.1240813732 0.0320967140   3.865859 0.0001119636  0.0611592450  0.1870035014
66                          room_type_Private_room -0.2955980692 0.0159603465 -18.520780 0.0000000000 -0.3268865983 -0.2643095401
67             cancellation_policy_super_strict_30 -0.3185027008 0.0420729687  -7.570245 0.0000000000 -0.4009821949 -0.2360232068
68                      log_maximum_minimum_nights -0.0650185912 0.0060985425 -10.661333 0.0000000000 -0.0769741227 -0.0530630597
69 log_calculated_host_listings_count_shared_rooms -0.2689326786 0.0267386857 -10.057812 0.0000000000 -0.3213509731 -0.2165143841
70                                  t_accommodates -5.6791065377 0.3513416769 -16.164056 0.0000000000 -6.3678738061 -4.9903392693
71                             t_host_since_tenure  0.0004129665 0.0000736140   5.609888 0.0000000212  0.0002686542  0.0005572789
72                               t_guests_included -0.0627992562 0.0146680705  -4.281358 0.0000188889 -0.0915544183 -0.0340440941
73                                       interact1  0.0104474676 0.0029407133   3.552698 0.0003844699  0.0046825179  0.0162124172
